42572  4
41916  5
41311  5
40614  7
39902  7
39234  9
38442  9
37851  11
36925  11
36334  13
35353  13
34780  14
33757  15
33133  16
32081  17
31453  18
30403  19
29715  20
28663  21
27967  21
26867  23
26145  23
25045  25
24262  26
23165  27
22334  28
21242  29
20354  30
19326  31
18446  32
17451  33
16566  34
15610  35
14734  36
13807  37
12979  38
12052  39
11275  40
10355  41
9592  42
8691  43
7950  44
7102  45
6361  46
5563  47
4841  48
4070  50
3353  50
2771  53
1905  53
1368  53
1100  53
0  0
the period that purchase happens 1 -> 4 -> 7 -> 9 -> 11 -> 13 -> 15 -> 17 -> 19 -> 21 -> 23 -> 25 -> 27 -> 29 -> 31 -> 33 -> 35 -> 37 -> 39 -> 41 -> 43 -> 45 -> 47 -> 50